(34;3434343434343434343434343434343434343434)(23;2323232323232323232323232323232323232323)  (10;1010101010101010101010101010101010101010)(99;9999999999999999999999999999999999999999)   (78;7878787878787878787878787878787878787878)
	    (25;2525252525252525252525252525252525252525)    (41;4141414141414141414141414141414141414141)
	    (42;4242424242424242424242424242424242424242)	    (13;1313131313131313131313131313131313131313)
	    (21;2121212121212121212121212121212121212121)    (18;1818181818181818181818181818181818181818)
	    (50;5050505050505050505050505050505050505050)	    (72;7272727272727272727272727272727272727272)
   (60;6060606060606060606060606060606060606060)
 (88;8888888888888888888888888888888888888888)
	    (47;4747474747474747474747474747474747474747)    (19;1919191919191919191919191919191919191919)
   (8;8888888888888888888888888888888888888888)
(199;199199199199199199199199199199199199199199199199199199)
  (65448;654486544865448654486544865448654486544865448654486544865448654486544865448654486544865448654486544865448654486544865448654486544865448)
	    (14;14141414141414141414141414141414141414141414141414141414141414141414141414141414141414141414141414141414141414141414141414141414)